000000000000000000000000000000
011100000000001110111000000000
010100000000011110111000000000
001110000000111110101000000000
000000000000110101101000000000
000000000000111111110000000000
000000000000011011110000000000
000000000000000000000000000000
000000000000000000000000111010
000000000000000000000000111010
000000000000000000000000110010
000000000000000000000000011110
000000000000000000000000111010
000000000000000000000001110000
000000000000000000000011011010
000000000000000000011010111000
000000000000000000011110110100
000000000000000000111101101100
000000000000001111111011110100
000000000000001111111111111100
011011100000001110011111011100
011111110000011011111100111100
001101010000011110111011101000
011001100001111111111011101100
001110110001010001011100000000
011110110001100011110000222000
011011110001001101000000222000
011111110000111111100000222000
010101110000011111000000000000
000000000000000000000000000000
