000000000000000000000000000000
033300000000004440444000000000
030300000000044440444000000000
003330000000444440404000000000
000000000000440404404000000000
000000000000444444440000000000
000000000000044044440000000000
000000000000000000000000000000
000000000000000000000000555050
000000000000000000000000555050
000000000000000000000000550050
000000000000000000000000055550
000000000000000000000000555050
000000000000000000000005550000
000000000000000000000055055060
000000000000000000055050555000
000000000000000000055550550500
000000000000000000555505505500
000000000000005555555055550500
000000000000005555555555555500
077077700000005550055555055500
077777770000055055555500555500
007707070000055550555055505000
077007700005555555555055505500
007770770005050005055500000000
077770770005500055550000222000
077077770005005505000000222000
077777770000555555500000222000
070707770000055555000000000000
000000000000000000000000000000
