000000000000000000000000000000
000000000000000000000000000000
003033000000000000000000000000
003333000000000022200000000000
003330000000000022200000000000
033330000000000022200000000000
003333000000000000000000000000
003303000000000000000444040000
033333000000000000000044040000
033333000000000000000044440000
030333000000000000000444440000
033330000000000000000044440000
030030000000000000000444400000
033030000000000000050444440000
003030000000000000055004440000
033000000000000000005504040000
003330000000000000005040440000
033300000000000000005044040000
003000000000000000005504440000
003000607700000000000044040000
080666660060000000000000000000
006666666666000000000000000000
060666006666600000000000000000
066666666666666000000000000000
006606066066600000000000000000
0906666660600000000100000000000
0066600066666660001010101010101000000
011066666666666600010010101010000000
011110066666000000000101000101000000
000000000000000000000000000000
