2
Magickifon
40
40
40
20
100
111110000000000
0
1
2
3
4
0
Armor
11
4
4
4.825675
3
9.152347
1
5.660564
2
4.599405
4
axeBattle
3
4
3
4.198909
0
9.030082
0
1.07034
2
4.976148
5
axeTwoHanded
5
2
2
9.984942
2
9.135282
8
staff
6
2
0
2.770665
2
7.435382
10
bow
7
5
3
4.425763
0
3.484856
1
2.570284
1
9.754369
1
5.430435
17
Cloak
10
5
2
2.266265
0
9.454309
2
2.030893
1
3.547221
2
6.146784
18
Gloves
14
5
2
9.666996
0
3.729169
0
4.016711
1
2.405763
2
7.220772
19
Robe
13
4
4
3.113208
2
2.36552
3
2.021221
3
9.999706
20
swordShort
0
5
4
1.867117
1
3.085517
1
9.082108
0
3.524961
0
4.644375
21
Shield
8
3
2
9.340346
3
5.114307
2
3.447348
